75
jhjhj 26390
asddfsa 19660
wq 17760
55 17740
qwdsf 17360
44 14210
15390 13090
12700 12520
qwewq 11550
44 11370
45 11350
5 11340
455 11300
5 11030
adfasfd 11010
1 10900
5 10490
44 10300
56 10210
dsafasd 10150
5 9370
5 9040
0 8830
44 8660
q4eq4 8520
ds 8480
2 8320
555 8290
wer 8020
eqwf 7940
4 7620
32q 7490
555 7350
455 6570
howoo 6550
33 6440
hfg 6260
5 6000
tt 5240
5 5210
fdf 4860
4555 4840
4 4600
5830 4444
5 3700
fdsw 3580
s55 2870
dsa 2660
dfdf 2600
55 2560
44 2230
44 2130
535 1960
5 1580
55 1140
q 940
ds 650
24450 566
11880 444
25820 444
27980 444
5310 444
q44 250
12020 55
12260 45
16270 45
11950 44
16510 44
5990 5
24090 4
11560 0
0 0
0 0
20490 0
5300 0
